31
-428992.526 -140689.174 505543.438 324515.911 716575.838 365712.893 86668.965 -415128.135 -299879.683 128986.670 129240.630 -624783.816 186075.414 870970.467 438358.588 -499900.657 -718742.994 -945265.216 -761433.822 -964148.689 -385115.212 745329.668 609796.110 396232.472 -646645.262 -867433.752 344885.459 587984.632 -839489.540 -242156.217 -747893.494 653323.838
-901477.024 428410.098 895855.567 297427.598 445951.947 810282.615 765757.040 700926.028 -520146.212 713478.933 -103363.985 531061.187 179946.404 67625.771 -81159.827 129049.846 866554.056 -419881.468 537949.664 890261.726 -209122.496 -916324.014 474148.415 827442.845 649289.166 569374.307 816314.001 -670327.432 -955916.319 919828.900 -177888.617 99485.818
874109.041 -699498.650 162097.303 -715234.221 -328134.470 275569.188 -408730.911 -207314.876 -135375.094 -414165.374 65614.051 796481.772 992746.226 -382991.178 289016.738 -575719.697 -154812.586 -433831.125 701274.852 -363165.000 -454616.738 -710194.914 -88894.745 -699002.928 568942.815 -168517.535 -449251.652 434523.486 703926.439 -346444.660 580431.064 -348506.258
940009.722 -456382.783 29069.985 -205314.370 308022.392 -791611.175 -835651.846 -255840.821 641547.673 565797.035 111707.307 -568658.143 289885.613 712761.769 -100208.290 -982394.858 -243036.934 -415665.016 954804.586 -713834.672 292592.811 -690933.095 -978675.272 201393.937 399917.493 236188.308 -473837.048 661916.361 -696991.462 659012.431 -616663.267 444577.624
333587.213 -771282.848 -774519.752 -665631.376 -729922.354 -946395.385 -913862.724 439358.217 599695.893 474082.189 511424.914 690622.554 732873.819 -450497.634 104988.669 -456233.429 -858317.768 -795889.007 -475194.474 844947.334 447675.367 89742.977 905458.255 910200.627 432750.415 102743.500 719554.748 -230726.770 -992768.620 -372600.520 -921693.302 611038.741
-905846.024 -573235.573 -522895.912 413922.106 470758.627 254125.568 -40268.336 758386.967 -470884.840 -868592.927 740298.488 -164833.750 -10925.298 -676198.508 -745467.426 633601.503 -461828.529 997924.542 -360504.452 321823.043 -577128.589 -426723.962 -333886.761 -189058.731 -43978.143 755284.425 105967.546 514994.601 978589.162 -743245.402 -480340.025 -715846.022
261026.285 207740.982 -490282.502 538571.562 824748.654 258719.114 -615677.814 586232.013 216921.387 -642487.890 -721255.638 -878090.913 719018.093 230278.815 700296.744 921853.098 -513768.950 533316.640 -476813.718 722505.744 -365676.135 708925.138 405900.906 286159.613 -742660.652 511108.667 -337599.808 655526.904 -616039.203 -759770.734 -442194.490 595250.918
-126483.401 640656.963 -949925.057 217450.639 246725.323 -489705.737 -36995.945 803973.694 455116.154 973113.331 -400635.533 -193192.219 589097.012 -534495.743 794159.259 39357.313 522737.265 382716.831 403119.997 56618.796 495249.771 -561866.988 -775504.842 718403.224 -372762.757 691422.924 366823.321 950246.252 -613681.045 273907.514 -954891.761 -321418.902
969963.676 798424.951 826882.105 957737.947 -350583.076 -545307.427 -703079.691 -703401.403 -969186.538 798928.672 180622.013 149728.162 262767.160 -776880.031 887992.483 620856.357 -810557.447 114640.784 506536.097 -669146.994 419841.786 708202.726 -775492.783 491193.367 -643752.012 -383546.486 194285.513 -843422.455 -851367.515 53871.464 833930.238 665469.237
-409341.555 -251898.989 563962.806 -732410.386 948481.430 537749.883 -11809.448 945188.012 -266912.884 653721.041 497073.004 -591418.978 -594556.914 698721.220 -667303.017 297188.094 -976778.696 301517.089 -941275.319 552873.837 820339.437 465463.640 506588.504 -13902.768 -269973.059 607407.134 121781.796 31942.822 -164172.820 -723795.809 771753.626 690172.598
772961.195 -437402.271 990022.729 655162.725 -944332.296 204331.184 -363019.694 -367224.600 -648994.804 -639838.501 -970868.132 -160674.058 679608.701 88877.937 -520828.578 -296906.220 563877.598 510886.756 288881.145 732302.736 113862.205 -345710.868 173349.287 586637.991 -960892.498 -17441.115 125333.498 -666234.929 -388148.686 -366915.568 -285153.272 -115985.058
557163.808 -688100.097 -170135.835 -372366.020 -111413.152 900273.270 846386.691 241419.570 -325384.795 736034.486 -749622.903 701827.794 -251277.435 588210.739 -319733.371 470387.841 -648789.257 -682870.407 -579662.311 -125144.142 -287348.473 218075.064 325442.892 676338.818 574025.936 -934932.366 -818063.400 -179553.290 -360323.399 -177452.569 -487354.253 -617774.670
-19373.427 -934983.274 -189762.234 -306840.489 357037.461 69463.619 -782447.256 656103.292 -507990.386 -396962.641 -362679.316 252043.296 -721802.679 392312.988 -713116.824 -768141.594 -77902.959 285835.398 682292.571 990150.835 30897.197 -894895.126 64501.118 -364209.663 620432.828 172230.969 -731408.145 -750592.135 86179.095 -461278.764 -983463.808 -683869.616
-914406.456 -107092.345 658873.604 -641079.211 378627.781 159692.145 -649356.962 -242087.373 592260.320 -219092.317 -332553.587 -250159.816 930518.787 694824.925 650893.423 -379702.578 -180735.468 -9592.587 -700944.492 84881.337 482794.729 258773.472 -505892.064 -148555.542 470816.614 626232.146 -637708.572 379051.909 112379.292 -522308.219 78881.093 818030.430
908450.356 -133465.947 -898450.420 134048.599 865110.488 613869.767 849732.206 -569147.172 -235564.598 91339.957 -181760.019 -548825.781 -628903.259 -306703.145 -876801.110 269467.670 -422362.654 340.729 -501155.619 166712.827 -518443.601 625408.312 -288012.063 702918.104 413759.475 746320.923 -561915.146 966798.969 -115822.363 -665436.326 -449907.742 21204.261
-511490.536 55880.720 865018.252 524744.990 -268834.916 -120210.741 314984.819 556983.659 798582.367 353097.088 -435741.655 614935.622 265345.733 581369.015 -943349.589 810207.969 739944.480 886108.906 506949.285 -756684.465 444306.459 150361.240 823679.171 573732.540 -263132.967 -146295.051 472966.207 -228948.542 565521.453 -196533.135 -717468.238 58929.719
-133936.291 530931.505 675056.567 40145.513 -108527.015 -600618.837 -652455.132 -980660.468 482795.589 -614079.551 -617014.706 -501942.330 274772.157 -444386.759 -197853.352 -122739.471 -157914.331 217207.031 551586.190 323330.533 -218670.597 -222970.930 -72117.206 847410.940 728721.473 268610.544 444911.845 549232.372 319383.406 581462.903 128564.540 -937469.436
79448.986 361672.162 259395.552 -811598.471 -739287.262 -379560.793 549531.959 -300024.558 606144.107 -987521.755 750931.867 -640569.415 -936186.957 -189352.710 -288437.178 -897561.178 424835.834 565086.181 858046.148 -584597.292 909748.529 -546306.662 -871817.226 -93503.901 680832.757 -687754.642 328963.673 57787.182 310687.380 362679.828 -62375.115 167238.719
-832995.946 -380936.899 343808.341 -525256.708 750637.980 -12175.427 -477911.826 482903.319 -41325.532 51536.243 144606.240 456965.161 -702120.871 -458908.224 134821.033 -881468.069 -971023.432 -500760.462 -347408.951 -474751.789 240824.894 123748.949 -474765.651 -866463.462 -119193.495 -698093.978 102119.581 57070.476 703381.649 842224.156 -435972.957 -495621.102
-830981.111 -626912.785 657004.430 -590723.758 276902.868 946401.303 867334.073 250180.062 327505.444 323811.426 -958505.892 47596.585 640431.838 -55508.717 -574248.466 -440694.498 -809595.252 -408880.869 163441.633 661509.069 -809294.769 -267450.342 -779331.638 912052.570 -382775.097 -439247.641 740401.849 -696472.272 661413.535 717156.480 857208.170 206252.380
-875190.237 -306268.785 -77192.358 500158.413 753212.252 -57017.252 187388.301 884838.181 504635.755 649041.354 -83848.523 388259.088 -245069.313 -785511.089 934273.564 -943426.037 -551079.364 409244.441 615883.229 -167168.879 172602.773 -773579.942 -684860.907 623613.288 180624.211 409011.639 220806.460 -445417.117 348732.268 -318393.251 668551.868 407113.568
-927288.378 -347068.882 -132032.327 -746407.190 94248.498 -579520.174 82416.384 -730086.002 276204.750 847945.875 247041.559 738819.455 305812.709 546678.979 -987737.655 -755897.041 -655671.689 526038.336 237160.011 -954096.732 599736.471 549734.481 -89721.658 652717.474 857632.535 -835040.080 -478692.136 -432340.115 930262.685 429703.964 851400.588 -761713.777
51064.177 -681281.400 -779781.590 -821289.785 -787263.921 825706.844 154538.877 -712537.496 432260.885 -258759.934 510671.576 -643789.038 958488.639 136657.711 -987426.519 753705.010 -584545.664 -489975.888 -747439.830 -690627.697 889225.805 647845.726 109670.078 379957.662 -59263.601 150779.505 616949.874 -896888.587 567998.028 658508.715 256165.187 834026.659
100157.403 -236968.413 -294666.058 781713.632 24333.924 602551.281 -994124.617 -178504.368 761873.194 -850358.136 181598.489 -502630.248 -625531.317 -821935.607 -714873.795 -782806.410 -797901.026 -68327.532 889325.023 629927.127 451357.180 -533897.222 12992.018 190809.196 716565.818 684745.497 482777.254 915431.727 427841.605 -936872.484 735207.741 326635.197
257352.542 -944146.072 50069.685 -427286.733 -558231.588 199778.660 237567.987 753092.766 56064.791 -108085.824 -262692.008 -578816.818 219162.624 -131551.623 -819179.867 -729711.577 -757885.866 -637567.429 -625306.026 16211.672 -297723.625 -48190.343 722853.480 -535113.860 -526297.981 -909985.146 -902258.982 764973.502 674716.348 -661334.073 -862037.460 -151587.835
563918.039 267171.376 -17847.148 56933.655 -619303.436 59325.244 450760.683 967239.536 100977.882 -211226.968 655285.779 386540.518 -842992.507 -597570.674 -944563.262 543824.513 -925674.576 372778.935 -66041.924 -524104.785 56176.045 46411.003 339906.834 588641.355 -496342.171 684864.590 -561163.804 -590841.225 469640.841 180229.511 -681253.306 531660.747
58188.838 -532056.613 227361.343 -255515.000 752870.106 -373948.740 -752428.836 345020.096 -313343.842 -338086.113 -586983.410 648422.867 851463.763 -25376.914 254990.915 -328430.587 -761466.892 531229.132 795335.208 17621.690 -73728.672 699163.008 -33238.603 941692.716 -906938.649 -209500.513 -518889.588 605413.401 -21482.558 -717072.362 126994.494 510635.346
778505.606 -272821.799 511471.155 -858430.644 -526053.943 -651273.000 -770856.573 -228581.828 603149.984 -670875.962 -514941.661 -533303.944 965990.949 781601.495 -864733.957 284359.081 -725456.829 408256.720 -815888.352 -351920.957 726752.970 -147513.125 -295929.505 909511.756 -467554.966 -273827.832 201557.742 -889818.100 365292.515 -658135.082 -583955.423 917635.335
-235818.247 -883186.256 -438763.249 -243657.153 457627.363 670258.613 -2402.927 -874437.118 -361451.030 -385951.751 -653058.313 -901706.634 166978.256 17984.213 -954794.247 -982086.759 -278821.638 -423712.567 -672468.424 -624084.026 872792.096 452711.968 653465.927 -127306.134 -889604.172 813086.466 -423798.580 682843.249 -204131.584 53126.334 36308.755 -115036.103
-944492.742 705857.301 -895611.797 97937.213 -381405.522 36487.657 154075.141 -706582.622 580950.356 334473.819 478106.409 802105.017 115932.078 878388.043 338640.300 -496932.150 115314.026 604818.265 451857.837 -793157.086 -223373.674 446161.927 917555.100 215735.923 -883532.287 371470.608 582037.428 81795.094 -569712.831 112791.147 -160827.462 546874.485
-310155.687 565272.142 -134276.010 -327443.592 -130424.306 892277.221 -699302.767 157039.509 221375.347 311119.638 -645915.882 834089.630 -521733.993 -439639.571 364515.219 373589.509 999681.067 -936656.648 782379.572 150483.221 -145598.560 776236.429 -403982.361 -679793.932 -161731.786 722532.244 -802958.828 -937489.837 -563598.607 -785982.487 -322997.233 -966284.752
-293493.665 -235937.309 -426048.298 988354.656 -874747.582 -316536.860 37627.919 598484.270 347917.369 -635300.170 -549591.664 454110.174 -82560.436 -744408.655 -523343.052 -737732.702 -90801.157 -477662.792 -451708.778 216455.482 518356.968 -610738.029 792436.563 -431347.182 567308.251 -815456.387 395277.993 385338.273 975231.584 52884.697 -598816.952 480719.065
