10
491967.046 -139074.917 -370968.595 -896333.455 -869531.535 -432800.340 484641.664 837849.686 -908800.072 -9940.401381237.713 
221407.093 -275051.012 139632.565 -176140.396 531558.246 -282048.146 684480.959 480618.616 -55211.613 108625.670481220.359 
48020.940 -207610.010 247836.036 805255.661 550562.155 -998995.632 -311938.131 254295.528 -925403.676 -275004.485-979014.993 
-649932.756 -44996.124 -841066.380 643974.288 -178406.783 -623384.763 543878.278 467177.100 -421158.924 -567656.674355718.762 
-438766.310 370888.000 610709.752 691206.879 732901.744 -864568.607 -281391.173 -176633.154 -947963.654 35724.395244193.193 
-32705.021 -697414.575 178130.811 166724.582 -789557.874 -619950.818 27853.742 179203.382 650360.996 625659.845-498638.821 
-621533.586 -293296.219 88459.277 756018.267 -628031.219 626037.181 -258313.510 659342.388 -173348.108 -826399.841-380759.036 
-46488.182 464763.288 509084.338 -94518.785 97551.703 480269.667 -738910.778 946085.280 803785.575 409074.823771919.585 
211254.615 -734354.380 -573338.996 542035.224 -810240.142 64113.009 -911220.363 863399.461 -780308.364 759669.024503488.887 
-370963.208 -746027.157 189239.620 -52788.570 342239.096 576235.446 428135.366 -84936.973 303933.163 -560249.503-540072.158 
611307.451 -4212.316 648905.406 -486738.816 867231.978 641475.825 -920648.210 105635.934 -484240.626 964664.312138768.443 
