16
-2.614 -8.381 9.841 -2.184 -3.368 -5.345 2.605 -8.436 7.475 -4.098 -1.785 2.526 -9.740 3.798 6.397 -2.397 -8.253
8.362 -2.977 -2.421 2.488 7.498 -1.530 -6.877 8.570 -4.867 -4.708 7.541 7.760 1.304 -4.709 -3.351 0.006 -5.975
-3.986 -4.781 2.325 -6.902 0.500 0.582 -1.925 5.784 -7.470 2.899 -9.450 -5.674 1.146 -7.578 -8.976 5.335 4.668
-6.382 -8.880 -8.818 3.911 -3.933 9.558 -6.970 -4.999 -7.598 3.310 -4.014 -8.625 -6.997 -6.924 5.903 5.190 7.546
-6.783 -1.694 -1.736 3.580 -4.045 8.919 -7.868 -8.198 0.048 -3.711 7.724 8.300 -6.224 6.205 4.237 3.673 2.327
7.916 7.529 8.987 9.576 -7.647 -2.289 8.657 4.189 2.156 6.339 -9.868 0.124 3.590 -7.233 0.510 1.568 -9.674
-9.989 0.041 2.120 9.121 9.918 2.457 8.514 -2.688 -2.240 -7.823 -1.492 2.294 6.153 8.465 3.395 -7.239 -1.558
6.353 4.653 -8.097 -8.706 4.521 -4.829 2.395 6.846 9.992 -5.330 -6.594 4.135 9.807 9.651 -0.736 -0.099 -0.593
7.616 0.216 8.773 -1.944 -4.293 -5.061 -7.108 1.014 -6.258 -5.083 -9.182 -1.307 -8.436 -9.200 -4.173 -7.406 0.810
0.500 -6.350 -1.838 -8.967 9.301 9.531 4.549 0.232 -8.323 -5.320 1.151 9.730 5.178 2.058 1.134 -6.579 6.050
1.593 -8.197 -8.592 -3.247 4.791 1.763 -1.997 -4.584 8.598 -4.933 -5.879 -2.887 8.799 2.167 -5.959 -2.986 -7.340
-2.183 -3.491 5.422 1.039 -4.270 -9.692 4.741 9.802 -9.783 4.076 -1.836 0.634 -5.327 -9.420 0.437 -8.727 6.909
-4.623 0.339 -4.925 -8.625 -0.215 5.123 -0.106 8.266 8.312 -3.217 -3.492 -0.468 -9.635 -9.763 6.224 1.674 6.404
3.359 -1.997 -4.499 8.429 8.907 4.878 2.740 4.942 -1.712 9.759 -0.511 0.090 7.214 -9.301 -3.423 -2.635 -6.728
-4.625 -3.200 -2.368 -4.658 -4.910 -0.969 1.426 4.881 8.098 -0.855 5.815 -0.993 2.234 -2.060 5.443 5.691 7.068
5.826 8.122 -9.468 5.296 -5.596 -5.399 -4.382 -6.414 5.016 -7.023 0.186 2.757 3.998 -2.840 -6.866 7.349 -4.990
